Training set
[[0.73954618 0.08312567 0.0626839  0.01031902]
 [0.73705547 0.53706433 0.39771429 0.38551125]
 [0.67116597 0.57163713 0.42482724 0.22898026]]

Test set
[[0.8459343  0.17270674 0.71512478 0.52259218]
 [0.24749099 0.09886435 0.22757962 0.01714513]
 [0.17142468 0.92527341 0.6396133  0.26865236]]
Training epoch 0, cost is  -0.23423327984972975
Weights:
[[ 1.48134002 -0.58230438  1.30015254]
 [ 1.44073589 -0.17368994  1.88065906]
 [-0.57904191  0.64613834 -2.59705992]
 [-0.86908328  0.84462201 -1.44253358]]

Training epoch 1, cost is  -0.4664139597382034
Weights:
[[ 1.38077838 -0.58571967  1.17337398]
 [ 1.25472702 -0.23172396  1.67657815]
 [-0.49953583  0.70211893 -2.53086334]
 [-0.81297361  0.88457452 -1.39626189]]

Training epoch 2, cost is  -0.7796116635266662
Weights:
[[ 1.28735174 -0.62201127  1.10305495]
 [ 1.07699757 -0.32373477  1.5318815 ]
 [-0.51031874  0.67877222 -2.50333125]
 [-0.84679348  0.84489361 -1.3875655 ]]

Training epoch 3, cost is  -3.694585020443347
Weights:
[[ 1.18552253 -0.61719541  0.96902992]
 [ 0.89226238 -0.37379235  1.32499666]
 [-0.43393434  0.73437284 -2.44337493]
 [-0.79293919  0.88453324 -1.34581656]]

Training epoch 4, cost is  -0.888695258502584
Weights:
[[ 1.09528855 -0.6382115   0.8968188 ]
 [ 0.80345971 -0.38075128  1.21051587]
 [-0.44210433  0.72100419 -2.41520787]
 [-0.74028118  0.92518556 -1.30762004]]

Training epoch 5, cost is  -1.1373961166719864
Weights:
[[ 1.10451177 -0.62037545  0.89106063]
 [ 0.80866091 -0.34627332  1.18954039]
 [-0.36842195  0.77799579 -2.3612943 ]
 [-0.7646902   0.89263616 -1.32293735]]

Training epoch 6, cost is  -1.1068796283063997
Weights:
[[ 1.11457159 -0.60156527  0.88703568]
 [ 0.75193597 -0.40129487  1.15989996]
 [-0.35661989  0.74554234 -2.31660333]
 [-0.85233739  0.77289737 -1.35143735]]

Training epoch 7, cost is  -2.6508722752454954
Weights:
[[ 1.03177283 -0.64119302  0.83022739]
 [ 0.67629555 -0.44531467  1.11615157]
 [-0.36411004  0.72410949 -2.28608897]
 [-0.88175886  0.73507299 -1.33765415]]

Training epoch 8, cost is  -1.172845616393554
Weights:
[[ 1.11714633 -0.55339649  0.88164644]
 [ 0.54222654 -0.55137241  1.00091028]
 [-0.34816775  0.69303084 -2.24233135]
 [-0.88761115  0.68839268 -1.31122617]]

Training epoch 9, cost is  -1.260121411634391
Weights:
[[ 1.12756617 -0.5334059   0.87624766]
 [ 0.5471633  -0.51760192  0.98071745]
 [-0.3168434   0.65904023 -2.19365446]
 [-0.95252495  0.56825025 -1.33221916]]

Training epoch 10, cost is  -0.9803787756259851
Weights:
[[ 1.13800807 -0.51343806  0.87139839]
 [ 0.55304913 -0.48481598  0.96213412]
 [-0.24331747  0.71389533 -2.13878091]
 [-0.97721612  0.53794256 -1.34940627]]

Training epoch 11, cost is  -2.052757743630512
Weights:
[[ 1.13821649 -0.49717479  0.87489583]
 [ 0.56089645 -0.47093053  0.97870311]
 [-0.26101148  0.7087338  -2.14129052]
 [-0.92527424  0.57704949 -1.31122929]]

Training epoch 12, cost is  -1.3296832260271179
Weights:
[[ 1.15392726 -0.49052332  0.91435737]
 [ 0.56803027 -0.43878724  0.96184732]
 [-0.25909571  0.68226392 -2.09782685]
 [-0.94550734  0.53414783 -1.28492913]]

Training epoch 13, cost is  -0.9925333305658904
Weights:
[[ 1.17206411 -0.49797872  0.96493177]
 [ 0.59046753 -0.43700612  1.00299588]
 [-0.34887629  0.59520709 -2.11577717]
 [-0.97058292  0.50490005 -1.30494952]]

Training epoch 14, cost is  -0.903575047510313
Weights:
[[ 1.08064098 -0.52384754  0.89005342]
 [ 0.50266653 -0.44960141  0.89398116]
 [-0.36036962  0.58010335 -2.09560383]
 [-0.91875431  0.54347007 -1.26492302]]

Training took 0.001293 minutes
